,Year,num_schools,num_students,num_exams,num_colleges
0,1955-56,104,1229,2199,130
1,1956-57,212,2068,3772,201
2,1957-58,355,3715,6800,279
3,1958-59,560,5862,8265,391
4,1959-60,890,10531,14158,567
5,1960-61,1126,13283,17603,617
6,1961-62,1358,16255,21451,683
7,1962-63,1681,21769,28762,765
8,1963-64,2086,28874,37829,888
9,1964-65,2369,34278,45110,994
10,1965-66,2518,38178,50104,1076
11,1966-67,2746,42383,54812,1133
12,1967-68,2863,46917,60674,1193
13,1968-69,3095,53363,69418,1288
14,1969-70,3186,55442,71495,1368
15,1970-71,3342,57850,74409,1382
16,1971-72,3397,58828,75199,1483
17,1972-73,3240,54778,70651,1437
18,1973-74,3357,60863,79036,1507
19,1974-75,3498,65635,85786,1517
20,1975-76,3937,75651,98898,1580
21,1976-77,4079,82728,108870,1672
22,1977-78,4323,93313,122561,1735
23,1978-79,4585,106052,139544,1795
24,1979-80,4950,119918,160214,1868
25,1980-81,5253,133702,178159,1955
26,1981-82,5525,141626,188933,1976
27,1982-83,5827,157973,211160,2130
28,1983-84,6273,177406,239666,2153
29,1984-85,6720,205650,280972,2170
30,1985-86,7201,231378,319224,2125
31,1986-87,7776,262081,369207,2197
32,1987-88,8247,292164,424844,2182
33,1988-89,8768,314686,463664,2256
34,1989-90,9292,330080,490299,2537
35,1990-91,9786,359120,535186,2587
36,1991-92,10191,388142,580143,2722
37,1992-93,10594,424192,639385,2825
38,1993-94,10863,458945,701108,2823
39,1994-95,11274,504823,785712,2875
40,1995-96,11712,537428,843423,2895
41,1996-97,12022,581554,921601,2872
42,1997-98,12486,635168,1016657,2964
43,1998-99,12886,704298,1149515,3007
44,1999-00,13253,768586,1272317,3070
45,2000-01,13680,844741,1414387,3199
46,2001-02,14157,937951,1585516,3388
0,2002-03,14353,1017396,1737231,3435
1,2003-04,14904,1101802,1887770,3558
2,2004-05,15380,1221016,2105803,3617
3,2005-06,16000,1339282,2312611,3638
4,2006-07,16464,1464254,2533431,3743
5,2007-08,17032,1580821,2736445,3817
6,2008-09,17374,1691905,2929929,3809
7,2009-10,17861,1845006,3213225,3855
8,2010-11,18340,1973545,3456020,4001
9,2011-12,18647,2099948,3698407,4005
10,2012-13,18920,2218578,3938100,4027
11,2013-14,19493,2342528,4176200,4121
12,2014-15,21594,2483452,4478936,4154
13,2015-16,21953,2611172,4704980,4199
14,2016-17,22169,2741426,4957931,4221
15,2017-18,22612,2808990,5090324,4287
16,2018-19,22678,2825710,5098815,4361
17,2019-20,22152,2642630,4751957,3160
